ATMOFX_BODY
{
	name = Axod
	config_version = 5
	strength_multiplier = 1
	length_multiplier = 1.3
	opacity_multiplier = 0.8
	glow_multiplier = 1
	wrap_opacity_multiplier = 1
	wrap_fresnel_modifier = 1
	particle_threshold = 1600
	streak_probability = 0.07
	streak_threshold = 0
	Color
	{
		glow = 191 80 50 1.4
		glow_hot = 191 90 65 2.5
		trail_primary = 62 92 230 2.136364
		trail_secondary = 149 72 182 2.409091
		trail_tertiary = 49 171 224 2.136364
		trail_streak = 123 228 242 1.7
		wrap_layer = 69 69 191 2
		wrap_streak = 32 20 191 1.4
		shockwave = 66 214 211 1
	}
}
