Scatterer_ocean
{
	Ocean
	{
		name = Lapat
		AMP = 2
		m_windSpeed = 12
		m_omega = 0.839999974
		m_gravity = 9.81000042
		maxWaveInteractionShipAltitude = 500
		m_whiteCapStr = 0.5
		shoreFoam = 1.20000005
		m_farWhiteCapStr = -0.180000007
		m_oceanUpwellingColor = 0.0500000007,0.0138999997,0.00187799998
		m_UnderwaterColor = 0.400000006,0.200000003,0.119999997
		offScreenVertexStretch = 1.25
		alphaRadius = 1000
		transparencyDepth = 60
		darknessDepth = 1000
		refractionIndex = 1.33000004
		skyReflectionStrength = 1
		causticsTexturePath = StockScattererConfigs/Planets/Caustics2.png
		causticsLayer1Scale = 0.200000003,0.200000003
		causticsLayer1Speed = 0.0612000003,-0.151199996
		causticsLayer2Scale = 0.277099997,0.267100006
		causticsLayer2Speed = -0.0748699978,0.174869999
		causticsMultiply = 1
		causticsUnderwaterLightBoost = 2
		causticsMinBrightness = 0.5
		causticsBlurDepth = 200
		lightRaysStrength = 1
	}
	Ocean
	{
		name = Gurdamma
		m_whiteCapStr = 0.469999999
		shoreFoam = 1
		m_farWhiteCapStr = 0.469999999
		AMP = 1.20000005
		m_windSpeed = 7
		m_omega = 0.839999974
		maxWaveInteractionShipAltitude = 500
		m_oceanUpwellingColor = 0.00999999978,0.075000003,0.0799999982
		m_UnderwaterColor = 0.100000001,0.75,0.800000012
		m_resolution = 4
		offScreenVertexStretch = 1.25
		alphaRadius = 1000
		transparencyDepth = 100
		darknessDepth = 800
		refractionIndex = 1.33000004
		skyReflectionStrength = 1
		causticsTexturePath = scatterer/config/Planets/Caustics.png
		causticsLayer1Scale = 0.200000003,0.200000003
		causticsLayer1Speed = 0.0612000003,-0.151199996
		causticsLayer2Scale = 0.277099997,0.267100006
		causticsLayer2Speed = -0.0748699978,0.174869999
		causticsMultiply = 1
		causticsUnderwaterLightBoost = 2
		causticsMinBrightness = 0.5
		causticsBlurDepth = 200
		lightRaysStrength = 1
	}
	Ocean
	{
		name = Gurdamma
		m_whiteCapStr = 0.469999999
		shoreFoam = 1
		m_farWhiteCapStr = 0.469999999
		AMP = 1.20000005
		m_windSpeed = 7
		m_omega = 0.839999974
		maxWaveInteractionShipAltitude = 500
		m_oceanUpwellingColor = 0.00999999978,0.075000003,0.0799999982
		m_UnderwaterColor = 0.100000001,0.75,0.800000012
		m_resolution = 4
		offScreenVertexStretch = 1.25
		alphaRadius = 1000
		transparencyDepth = 100
		darknessDepth = 800
		refractionIndex = 1.33000004
		skyReflectionStrength = 1
		causticsTexturePath = scatterer/config/Planets/Caustics.png
		causticsLayer1Scale = 0.200000003,0.200000003
		causticsLayer1Speed = 0.0612000003,-0.151199996
		causticsLayer2Scale = 0.277099997,0.267100006
		causticsLayer2Speed = -0.0748699978,0.174869999
		causticsMultiply = 1
		causticsUnderwaterLightBoost = 2
		causticsMinBrightness = 0.5
		causticsBlurDepth = 200
		lightRaysStrength = 1
	}
}
